// Reference=Talairach
// aylward2005ba
// Subjects=11
43  -44 -10
-40 -66 -9
39  -59 -8
36  -68 9
-49 -20 3
7   13  46

// corbett2008af
// Subjects=15
36  -56 19
19  -8  -5
-30 -78 -20
23  -86 -20

// kersey2016do
// Subjects=29
20  -70 -33
-20 49  26
-6  60  17
-21 -21 58
17  55  30
6   61  16
60  2   7
53  31  5
2   58  33
-46 -8  -22
-52 -11 -27
-28 -28 -18
-31 -15 -19
31  -14 -25
-20 -88 23
16  -85 13
-47 -69 -4
32  -49 -6
-43 -41 60
23  -48 55
-55 -23 28
34  -4  1
-43 -20 12
-39 6   -27
-40 -22 9
-46 -2  -13
-46 10  -24
61  -11 12
59  11  -4
65  -14 -3

// libertus2008dc
// Subjects=15
41  -53 -21
15  -101    -7
23  -98 -14
-26 -86 -14
-19 -90 -14
-19 -98 -7
4   41  -7
4   19  -7
-4  45  0
-45 -53 -28
-41 -49 -21
8   -56 21


// scherf2007vc: Adolscents
// Subjects=10
39  -47 -22
45  -74 1
60  -49 9
55  -4  -16
10  -59 28
-39 -70 18
-47 17  -8
39  25  -9
5   54  44
-6  -4  57
-5  46  -12
42  -9  50
21  -2  54
26  -66 46
-11 -67 50
28  -79 8
-27 -85 19
45  -55 -8
-45 -60 -5
18  -87 -6
-13 -89 -5
26  -40 -4
-25 -48 -1
-22 -73 53
32  -52 51
-14 -95 12
-54 -34 33
40  -60 -7
-41 -57 -3
11  -81 -3
22  -73 -18
-27 -73 -14
33  -88 2
-34 -5  32

// scherf2007vc: Children
// Subjects=10
42  -68 -19
-15 56  5
14  -80 38
-14 -76 51
6   -41 25
29  -75 31
-22 -79 13
21  -85 -5
-22 -85 -3
13  -86 -6
-19 -94 -5
19  -30 -18
-28 -53 -6
29  -53 49
-21 -59 43
-23 -82 37
31  -70 20
18  -94 -5
-23 -86 28
-9  -97 -15
41  -72 -12
-40 -60 -17
22  -39 -14
-21 -79 -24

// scherf2010ll (46)
// Subjects=10
40  -41 -23
-39 -51 -19
50  -61 9
55  -50 12
49  -58 12
-63 -30 -7
-41 21  -31
-39 -60 38
-1  57  28
-6  42  -4
8   43  53
21  20  49
5   53  46
0   35  53
31  58  9
-16 28  55
-18 35  43
-2  63  8
33  3   34
-45 6   51
-48 28  -5
-34 -73 -41
26  -42 -8
-24 -45 -8
16  -84 -7
-5  -87 -3
30  -76 21
-22 -82 18
20  -67 58
-9  -68 56
62  -15 25
58  6   25
-31 13  12
-39 31  15
41  -61 -11
-41 -66 -7
23  -62 -12
-24 -63 -12
7   -81 0
31  -80 7
-22 -85 7
34  -48 55
-30 -54 53
-55 -30 37
59  -18 27
-45 -31 21
-44 30  17
