// Reference=MNI
// dekker2014pw: 9-10 year olds
// Subjects=10
-28 -82 14
50  -60 -8
24  -68 56
-48 -64 -12
-38 26  18
-26 -52 -14
-44 6   28
18  -94 8
46  -76 -2
-20 -88 10

// dekker2014pw: 7-8 year olds
// Subjects=11
-36 -52 52
30  -78 16
-48 -64 -8
52  -60 -18
-50 6   26
-24 -12 50
18  -94 6

// liebig2017nd
// Subjects=41
26  -96 -4
38  -92 -6
-27 -98 -8
-33 -90 -8
-42 -52 -18
-51 -38 6
-30 -62 42
-39 6   30
-51 30  18
-51 22  28
-4  20  52
33  22  -4
36  32  -6
9   -82 -26
-8  -81 -27

// monsalvo2012cn
// Subjects=23
30  -45 -9
30  -63 -6
33  -81 9
-27 -48 -9
-27 -90 9
-24 -84 -9
39  -51 -15
42  -81 -9
-39 -60 -15
-39 -84 -3

// okamoto2017ad
// Subjects=12
-50 -68 0
54  -74 0
-48 -24 36
32  -48 58
42  52  -18
4   -56 28
42  20  -32
-22 -8  -14
18  -6  -12
40  -72 38

// passarotti2003td
// Subjects=12
38  -40 -17
-40 -40 -17
58  -40 -9
-58 40  -9
50  -53 -17
-52 -56 -17
-58 -7  5
-40 -20 -4
-1  -25 24
29  -35 42
-24 -33 51
-4  39  53
-39 3   55
5   19  -19
60  21  20
